Version 0.9.7
6
 4 10 175 77 128 0 1
 5 80 400 206 81 2 2
 0 110 110 877 276 8 3
 1 170 223 206 81 140 4
 3 546 476 203 58 152 5
 1 172 141 206 81 163 6
 0
22
 255 5 185 234 185 234 170 234 170 124 189 124 189 124 0 4 0 3
 255 5 71 189 71 189 71 124 71 124 163 124 163 124 0 1 0 3
 0 5 185 292 185 292 171 292 171 371 176 371 176 371 0 4 0 3
 0 5 163 371 163 371 71 371 71 371 71 288 71 288 0 3 0 1
 0 5 557 513 557 513 553 513 553 513 553 371 553 371 0 5 0 3
 65280 5 226 234 216 234 216 409 553 409 553 280 553 280 0 4 0 3
 65280 5 566 280 561 280 561 400 237 400 237 234 245 234 0 3 0 4
 255 5 187 152 187 152 187 124 187 124 202 124 202 124 0 6 0 3
 0 5 189 215 189 215 162 215 162 371 189 371 189 371 0 3 0 3
 65280 5 579 280 579 280 579 330 331 330 331 234 340 234 0 3 0 4
 65280 5 592 280 592 280 592 318 359 318 359 234 359 234 0 3 0 4
 65280 5 228 152 228 129 687 129 687 314 605 314 605 280 0 6 0 3
 65280 5 247 152 247 139 676 139 676 305 618 305 618 280 0 6 0 3
 8388863 5 631 280 631 335 771 335 771 550 592 550 592 520 0 3 0 5
 0 5 644 280 644 280 644 280 644 371 644 371 644 371 0 3 0 3
 65280 5 618 215 618 215 618 149 256 149 256 234 264 234 0 3 0 4
 65280 5 283 234 276 234 276 156 605 156 605 215 605 215 0 4 0 3
 65280 5 592 215 592 215 592 165 295 165 295 234 302 234 0 3 0 4
 65280 5 579 215 579 215 579 175 312 175 312 234 321 234 0 3 0 4
 255 5 553 215 553 215 553 215 553 124 553 124 553 124 0 3 0 3
 0 5 566 215 566 215 571 215 571 371 566 371 566 371 0 3 0 3
 0 5 631 215 631 215 631 215 631 371 631 371 631 371 0 3 0 3
1
 7165 1 16 547 228 5 0 0 0 3
