Version 0.9.7
5
 4 10 175 77 128 0 1
 5 80 400 206 81 2 2
 0 110 110 877 276 8 3
 1 164 196 206 81 150 5
 3 243 392 203 58 160 6
 0
17
 16711680 5 179 265 179 265 179 358 179 358 176 358 176 358 0 5 0 3
 16711680 5 179 207 179 207 179 124 179 124 176 124 176 124 0 5 0 3
 16711680 5 71 189 71 189 71 124 71 124 163 124 163 124 0 1 0 3
 16711680 5 71 288 71 288 71 358 71 358 163 358 163 358 0 1 0 3
 16711680 5 254 429 254 429 189 429 189 429 189 358 189 358 0 6 0 3
 16711680 5 631 280 631 280 631 288 514 288 514 124 514 124 0 3 0 3
 16711680 5 722 280 722 280 722 280 722 358 722 358 722 358 0 3 0 3
 16711680 5 631 215 631 215 631 215 631 124 631 124 631 124 0 3 0 3
 8388863 5 644 280 648 280 648 528 289 528 289 436 289 436 0 3 0 6
 8388863 5 709 280 710 280 710 516 309 516 309 436 309 436 0 3 0 6
 8388863 5 644 215 644 196 767 196 767 494 349 494 349 436 0 3 0 6
 65280 5 220 207 206 207 206 345 670 345 670 280 670 280 0 5 0 3
 65280 5 239 207 231 207 231 333 683 333 683 280 683 280 0 5 0 3
 65280 5 683 215 683 215 683 316 249 316 249 207 258 207 0 3 0 5
 65280 5 277 207 268 207 268 307 670 307 670 215 670 215 0 5 0 3
 65280 5 722 215 722 215 722 296 296 296 296 207 296 207 0 3 0 5
 8388863 5 709 215 744 215 744 502 329 502 329 436 329 436 0 3 0 6
1
 7175 1 16 625 228 5 0 0 0 3
